ID	
1	 1	0
1	 2	0.1696662
1	 3	0.47112794
1	 4	0.47112794
1	 5	0.47112794
1	 6	0.47112794
1	 7	0.47112794
1	 8	0.47112794
1	 9	0.47112794
1	 10	0.47112794
1	 11	0.47112794
1	 12	0.47112794
1	 13	0.47112794
1	 14	0.47112794
1	 15	0.47112794
1	 16	0.47112794
1	 17	0.47112794
1	 18	0.47112794
1	 19	0.80733101
1	 20	0.3475566
1	 21	0.3475566
1	 22	0.3475566
1	 23	0.3475566
1	 24	0.3475566
1	 25	0.3475566
1	 26	0.3475566
1	 27	0.3475566
1	 28	0.4040778
1	 29	0.4040778
1	 30	0.4040778
1	 31	0.4040778
1	 32	0.4040778
1	 33	0.4040778
1	 34	0.4040778
2	 1	0.1696662
2	 2	0
2	 3	0.454481
2	 4	0.454481
2	 5	0.454481
2	 6	0.454481
2	 7	0.454481
2	 8	0.454481
2	 9	0.454481
2	 10	0.454481
2	 11	0.454481
2	 12	0.454481
2	 13	0.454481
2	 14	0.454481
2	 15	0.454481
2	 16	0.454481
2	 17	0.454481
2	 18	0.454481
2	 19	0.1755216
2	 20	0.16820082
2	 21	0.16820082
2	 22	0.16820082
2	 23	0.16820082
2	 24	0.16820082
2	 25	0.16820082
2	 26	0.16820082
2	 27	0.16820082
2	 28	0.48368859
2	 29	0.48368859
2	 30	0.48368859
2	 31	0.48368859
2	 32	0.48368859
2	 33	0.48368859
2	 34	0.48368859
3	 1	0.47112794
3	 2	0.454481
3	 3	0
3	 4	0
3	 5	0
3	 6	0
3	 7	0
3	 8	0
3	 9	0
3	 10	0
3	 11	0
3	 12	0
3	 13	0
3	 14	0
3	 15	0
3	 16	0
3	 17	0
3	 18	0
3	 19	0.66551144
3	 20	0.47991188
3	 21	0.47991188
3	 22	0.47991188
3	 23	0.47991188
3	 24	0.47991188
3	 25	0.47991188
3	 26	0.47991188
3	 27	0.47991188
3	 28	0.48824604
3	 29	0.48824604
3	 30	0.48824604
3	 31	0.48824604
3	 32	0.48824604
3	 33	0.48824604
3	 34	0.48824604
4	 1	0.47112794
4	 2	0.454481
4	 3	0
4	 4	0
4	 5	0
4	 6	0
4	 7	0
4	 8	0
4	 9	0
4	 10	0
4	 11	0
4	 12	0
4	 13	0
4	 14	0
4	 15	0
4	 16	0
4	 17	0
4	 18	0
4	 19	0.66551144
4	 20	0.47991188
4	 21	0.47991188
4	 22	0.47991188
4	 23	0.47991188
4	 24	0.47991188
4	 25	0.47991188
4	 26	0.47991188
4	 27	0.47991188
4	 28	0.48824604
4	 29	0.48824604
4	 30	0.48824604
4	 31	0.48824604
4	 32	0.48824604
4	 33	0.48824604
4	 34	0.48824604
5	 1	0.47112794
5	 2	0.454481
5	 3	0
5	 4	0
5	 5	0
5	 6	0
5	 7	0
5	 8	0
5	 9	0
5	 10	0
5	 11	0
5	 12	0
5	 13	0
5	 14	0
5	 15	0
5	 16	0
5	 17	0
5	 18	0
5	 19	0.66551144
5	 20	0.47991188
5	 21	0.47991188
5	 22	0.47991188
5	 23	0.47991188
5	 24	0.47991188
5	 25	0.47991188
5	 26	0.47991188
5	 27	0.47991188
5	 28	0.48824604
5	 29	0.48824604
5	 30	0.48824604
5	 31	0.48824604
5	 32	0.48824604
5	 33	0.48824604
5	 34	0.48824604
6	 1	0.47112794
6	 2	0.454481
6	 3	0
6	 4	0
6	 5	0
6	 6	0
6	 7	0
6	 8	0
6	 9	0
6	 10	0
6	 11	0
6	 12	0
6	 13	0
6	 14	0
6	 15	0
6	 16	0
6	 17	0
6	 18	0
6	 19	0.66551144
6	 20	0.47991188
6	 21	0.47991188
6	 22	0.47991188
6	 23	0.47991188
6	 24	0.47991188
6	 25	0.47991188
6	 26	0.47991188
6	 27	0.47991188
6	 28	0.48824604
6	 29	0.48824604
6	 30	0.48824604
6	 31	0.48824604
6	 32	0.48824604
6	 33	0.48824604
6	 34	0.48824604
7	 1	0.47112794
7	 2	0.454481
7	 3	0
7	 4	0
7	 5	0
7	 6	0
7	 7	0
7	 8	0
7	 9	0
7	 10	0
7	 11	0
7	 12	0
7	 13	0
7	 14	0
7	 15	0
7	 16	0
7	 17	0
7	 18	0
7	 19	0.66551144
7	 20	0.47991188
7	 21	0.47991188
7	 22	0.47991188
7	 23	0.47991188
7	 24	0.47991188
7	 25	0.47991188
7	 26	0.47991188
7	 27	0.47991188
7	 28	0.48824604
7	 29	0.48824604
7	 30	0.48824604
7	 31	0.48824604
7	 32	0.48824604
7	 33	0.48824604
7	 34	0.48824604
8	 1	0.47112794
8	 2	0.454481
8	 3	0
8	 4	0
8	 5	0
8	 6	0
8	 7	0
8	 8	0
8	 9	0
8	 10	0
8	 11	0
8	 12	0
8	 13	0
8	 14	0
8	 15	0
8	 16	0
8	 17	0
8	 18	0
8	 19	0.66551144
8	 20	0.47991188
8	 21	0.47991188
8	 22	0.47991188
8	 23	0.47991188
8	 24	0.47991188
8	 25	0.47991188
8	 26	0.47991188
8	 27	0.47991188
8	 28	0.48824604
8	 29	0.48824604
8	 30	0.48824604
8	 31	0.48824604
8	 32	0.48824604
8	 33	0.48824604
8	 34	0.48824604
9	 1	0.47112794
9	 2	0.454481
9	 3	0
9	 4	0
9	 5	0
9	 6	0
9	 7	0
9	 8	0
9	 9	0
9	 10	0
9	 11	0
9	 12	0
9	 13	0
9	 14	0
9	 15	0
9	 16	0
9	 17	0
9	 18	0
9	 19	0.66551144
9	 20	0.47991188
9	 21	0.47991188
9	 22	0.47991188
9	 23	0.47991188
9	 24	0.47991188
9	 25	0.47991188
9	 26	0.47991188
9	 27	0.47991188
9	 28	0.48824604
9	 29	0.48824604
9	 30	0.48824604
9	 31	0.48824604
9	 32	0.48824604
9	 33	0.48824604
9	 34	0.48824604
10	 1	0.47112794
10	 2	0.454481
10	 3	0
10	 4	0
10	 5	0
10	 6	0
10	 7	0
10	 8	0
10	 9	0
10	 10	0
10	 11	0
10	 12	0
10	 13	0
10	 14	0
10	 15	0
10	 16	0
10	 17	0
10	 18	0
10	 19	0.66551144
10	 20	0.47991188
10	 21	0.47991188
10	 22	0.47991188
10	 23	0.47991188
10	 24	0.47991188
10	 25	0.47991188
10	 26	0.47991188
10	 27	0.47991188
10	 28	0.48824604
10	 29	0.48824604
10	 30	0.48824604
10	 31	0.48824604
10	 32	0.48824604
10	 33	0.48824604
10	 34	0.48824604
11	 1	0.47112794
11	 2	0.454481
11	 3	0
11	 4	0
11	 5	0
11	 6	0
11	 7	0
11	 8	0
11	 9	0
11	 10	0
11	 11	0
11	 12	0
11	 13	0
11	 14	0
11	 15	0
11	 16	0
11	 17	0
11	 18	0
11	 19	0.66551144
11	 20	0.47991188
11	 21	0.47991188
11	 22	0.47991188
11	 23	0.47991188
11	 24	0.47991188
11	 25	0.47991188
11	 26	0.47991188
11	 27	0.47991188
11	 28	0.48824604
11	 29	0.48824604
11	 30	0.48824604
11	 31	0.48824604
11	 32	0.48824604
11	 33	0.48824604
11	 34	0.48824604
12	 1	0.47112794
12	 2	0.454481
12	 3	0
12	 4	0
12	 5	0
12	 6	0
12	 7	0
12	 8	0
12	 9	0
12	 10	0
12	 11	0
12	 12	0
12	 13	0
12	 14	0
12	 15	0
12	 16	0
12	 17	0
12	 18	0
12	 19	0.66551144
12	 20	0.47991188
12	 21	0.47991188
12	 22	0.47991188
12	 23	0.47991188
12	 24	0.47991188
12	 25	0.47991188
12	 26	0.47991188
12	 27	0.47991188
12	 28	0.48824604
12	 29	0.48824604
12	 30	0.48824604
12	 31	0.48824604
12	 32	0.48824604
12	 33	0.48824604
12	 34	0.48824604
13	 1	0.47112794
13	 2	0.454481
13	 3	0
13	 4	0
13	 5	0
13	 6	0
13	 7	0
13	 8	0
13	 9	0
13	 10	0
13	 11	0
13	 12	0
13	 13	0
13	 14	0
13	 15	0
13	 16	0
13	 17	0
13	 18	0
13	 19	0.66551144
13	 20	0.47991188
13	 21	0.47991188
13	 22	0.47991188
13	 23	0.47991188
13	 24	0.47991188
13	 25	0.47991188
13	 26	0.47991188
13	 27	0.47991188
13	 28	0.48824604
13	 29	0.48824604
13	 30	0.48824604
13	 31	0.48824604
13	 32	0.48824604
13	 33	0.48824604
13	 34	0.48824604
14	 1	0.47112794
14	 2	0.454481
14	 3	0
14	 4	0
14	 5	0
14	 6	0
14	 7	0
14	 8	0
14	 9	0
14	 10	0
14	 11	0
14	 12	0
14	 13	0
14	 14	0
14	 15	0
14	 16	0
14	 17	0
14	 18	0
14	 19	0.66551144
14	 20	0.47991188
14	 21	0.47991188
14	 22	0.47991188
14	 23	0.47991188
14	 24	0.47991188
14	 25	0.47991188
14	 26	0.47991188
14	 27	0.47991188
14	 28	0.48824604
14	 29	0.48824604
14	 30	0.48824604
14	 31	0.48824604
14	 32	0.48824604
14	 33	0.48824604
14	 34	0.48824604
15	 1	0.47112794
15	 2	0.454481
15	 3	0
15	 4	0
15	 5	0
15	 6	0
15	 7	0
15	 8	0
15	 9	0
15	 10	0
15	 11	0
15	 12	0
15	 13	0
15	 14	0
15	 15	0
15	 16	0
15	 17	0
15	 18	0
15	 19	0.66551144
15	 20	0.47991188
15	 21	0.47991188
15	 22	0.47991188
15	 23	0.47991188
15	 24	0.47991188
15	 25	0.47991188
15	 26	0.47991188
15	 27	0.47991188
15	 28	0.48824604
15	 29	0.48824604
15	 30	0.48824604
15	 31	0.48824604
15	 32	0.48824604
15	 33	0.48824604
15	 34	0.48824604
16	 1	0.47112794
16	 2	0.454481
16	 3	0
16	 4	0
16	 5	0
16	 6	0
16	 7	0
16	 8	0
16	 9	0
16	 10	0
16	 11	0
16	 12	0
16	 13	0
16	 14	0
16	 15	0
16	 16	0
16	 17	0
16	 18	0
16	 19	0.66551144
16	 20	0.47991188
16	 21	0.47991188
16	 22	0.47991188
16	 23	0.47991188
16	 24	0.47991188
16	 25	0.47991188
16	 26	0.47991188
16	 27	0.47991188
16	 28	0.48824604
16	 29	0.48824604
16	 30	0.48824604
16	 31	0.48824604
16	 32	0.48824604
16	 33	0.48824604
16	 34	0.48824604
17	 1	0.47112794
17	 2	0.454481
17	 3	0
17	 4	0
17	 5	0
17	 6	0
17	 7	0
17	 8	0
17	 9	0
17	 10	0
17	 11	0
17	 12	0
17	 13	0
17	 14	0
17	 15	0
17	 16	0
17	 17	0
17	 18	0
17	 19	0.66551144
17	 20	0.47991188
17	 21	0.47991188
17	 22	0.47991188
17	 23	0.47991188
17	 24	0.47991188
17	 25	0.47991188
17	 26	0.47991188
17	 27	0.47991188
17	 28	0.48824604
17	 29	0.48824604
17	 30	0.48824604
17	 31	0.48824604
17	 32	0.48824604
17	 33	0.48824604
17	 34	0.48824604
18	 1	0.47112794
18	 2	0.454481
18	 3	0
18	 4	0
18	 5	0
18	 6	0
18	 7	0
18	 8	0
18	 9	0
18	 10	0
18	 11	0
18	 12	0
18	 13	0
18	 14	0
18	 15	0
18	 16	0
18	 17	0
18	 18	0
18	 19	0.66551144
18	 20	0.47991188
18	 21	0.47991188
18	 22	0.47991188
18	 23	0.47991188
18	 24	0.47991188
18	 25	0.47991188
18	 26	0.47991188
18	 27	0.47991188
18	 28	0.48824604
18	 29	0.48824604
18	 30	0.48824604
18	 31	0.48824604
18	 32	0.48824604
18	 33	0.48824604
18	 34	0.48824604
19	 1	0.80733101
19	 2	0.1755216
19	 3	0.66551144
19	 4	0.66551144
19	 5	0.66551144
19	 6	0.66551144
19	 7	0.66551144
19	 8	0.66551144
19	 9	0.66551144
19	 10	0.66551144
19	 11	0.66551144
19	 12	0.66551144
19	 13	0.66551144
19	 14	0.66551144
19	 15	0.66551144
19	 16	0.66551144
19	 17	0.66551144
19	 18	0.66551144
19	 19	0
19	 20	0.42092684
19	 21	0.42092684
19	 22	0.42092684
19	 23	0.42092684
19	 24	0.42092684
19	 25	0.42092684
19	 26	0.42092684
19	 27	0.42092684
19	 28	0.44712108
19	 29	0.44712108
19	 30	0.44712108
19	 31	0.44712108
19	 32	0.44712108
19	 33	0.44712108
19	 34	0.44712108
20	 1	0.3475566
20	 2	0.16820082
20	 3	0.47991188
20	 4	0.47991188
20	 5	0.47991188
20	 6	0.47991188
20	 7	0.47991188
20	 8	0.47991188
20	 9	0.47991188
20	 10	0.47991188
20	 11	0.47991188
20	 12	0.47991188
20	 13	0.47991188
20	 14	0.47991188
20	 15	0.47991188
20	 16	0.47991188
20	 17	0.47991188
20	 18	0.47991188
20	 19	0.42092684
20	 20	0
20	 21	0
20	 22	0
20	 23	0
20	 24	0
20	 25	0
20	 26	0
20	 27	0
20	 28	0.47034
20	 29	0.47034
20	 30	0.47034
20	 31	0.47034
20	 32	0.47034
20	 33	0.47034
20	 34	0.47034
21	 1	0.3475566
21	 2	0.16820082
21	 3	0.47991188
21	 4	0.47991188
21	 5	0.47991188
21	 6	0.47991188
21	 7	0.47991188
21	 8	0.47991188
21	 9	0.47991188
21	 10	0.47991188
21	 11	0.47991188
21	 12	0.47991188
21	 13	0.47991188
21	 14	0.47991188
21	 15	0.47991188
21	 16	0.47991188
21	 17	0.47991188
21	 18	0.47991188
21	 19	0.42092684
21	 20	0
21	 21	0
21	 22	0
21	 23	0
21	 24	0
21	 25	0
21	 26	0
21	 27	0
21	 28	0.47034
21	 29	0.47034
21	 30	0.47034
21	 31	0.47034
21	 32	0.47034
21	 33	0.47034
21	 34	0.47034
22	 1	0.3475566
22	 2	0.16820082
22	 3	0.47991188
22	 4	0.47991188
22	 5	0.47991188
22	 6	0.47991188
22	 7	0.47991188
22	 8	0.47991188
22	 9	0.47991188
22	 10	0.47991188
22	 11	0.47991188
22	 12	0.47991188
22	 13	0.47991188
22	 14	0.47991188
22	 15	0.47991188
22	 16	0.47991188
22	 17	0.47991188
22	 18	0.47991188
22	 19	0.42092684
22	 20	0
22	 21	0
22	 22	0
22	 23	0
22	 24	0
22	 25	0
22	 26	0
22	 27	0
22	 28	0.47034
22	 29	0.47034
22	 30	0.47034
22	 31	0.47034
22	 32	0.47034
22	 33	0.47034
22	 34	0.47034
23	 1	0.3475566
23	 2	0.16820082
23	 3	0.47991188
23	 4	0.47991188
23	 5	0.47991188
23	 6	0.47991188
23	 7	0.47991188
23	 8	0.47991188
23	 9	0.47991188
23	 10	0.47991188
23	 11	0.47991188
23	 12	0.47991188
23	 13	0.47991188
23	 14	0.47991188
23	 15	0.47991188
23	 16	0.47991188
23	 17	0.47991188
23	 18	0.47991188
23	 19	0.42092684
23	 20	0
23	 21	0
23	 22	0
23	 23	0
23	 24	0
23	 25	0
23	 26	0
23	 27	0
23	 28	0.47034
23	 29	0.47034
23	 30	0.47034
23	 31	0.47034
23	 32	0.47034
23	 33	0.47034
23	 34	0.47034
24	 1	0.3475566
24	 2	0.16820082
24	 3	0.47991188
24	 4	0.47991188
24	 5	0.47991188
24	 6	0.47991188
24	 7	0.47991188
24	 8	0.47991188
24	 9	0.47991188
24	 10	0.47991188
24	 11	0.47991188
24	 12	0.47991188
24	 13	0.47991188
24	 14	0.47991188
24	 15	0.47991188
24	 16	0.47991188
24	 17	0.47991188
24	 18	0.47991188
24	 19	0.42092684
24	 20	0
24	 21	0
24	 22	0
24	 23	0
24	 24	0
24	 25	0
24	 26	0
24	 27	0
24	 28	0.47034
24	 29	0.47034
24	 30	0.47034
24	 31	0.47034
24	 32	0.47034
24	 33	0.47034
24	 34	0.47034
25	 1	0.3475566
25	 2	0.16820082
25	 3	0.47991188
25	 4	0.47991188
25	 5	0.47991188
25	 6	0.47991188
25	 7	0.47991188
25	 8	0.47991188
25	 9	0.47991188
25	 10	0.47991188
25	 11	0.47991188
25	 12	0.47991188
25	 13	0.47991188
25	 14	0.47991188
25	 15	0.47991188
25	 16	0.47991188
25	 17	0.47991188
25	 18	0.47991188
25	 19	0.42092684
25	 20	0
25	 21	0
25	 22	0
25	 23	0
25	 24	0
25	 25	0
25	 26	0
25	 27	0
25	 28	0.47034
25	 29	0.47034
25	 30	0.47034
25	 31	0.47034
25	 32	0.47034
25	 33	0.47034
25	 34	0.47034
26	 1	0.3475566
26	 2	0.16820082
26	 3	0.47991188
26	 4	0.47991188
26	 5	0.47991188
26	 6	0.47991188
26	 7	0.47991188
26	 8	0.47991188
26	 9	0.47991188
26	 10	0.47991188
26	 11	0.47991188
26	 12	0.47991188
26	 13	0.47991188
26	 14	0.47991188
26	 15	0.47991188
26	 16	0.47991188
26	 17	0.47991188
26	 18	0.47991188
26	 19	0.42092684
26	 20	0
26	 21	0
26	 22	0
26	 23	0
26	 24	0
26	 25	0
26	 26	0
26	 27	0
26	 28	0.47034
26	 29	0.47034
26	 30	0.47034
26	 31	0.47034
26	 32	0.47034
26	 33	0.47034
26	 34	0.47034
27	 1	0.3475566
27	 2	0.16820082
27	 3	0.47991188
27	 4	0.47991188
27	 5	0.47991188
27	 6	0.47991188
27	 7	0.47991188
27	 8	0.47991188
27	 9	0.47991188
27	 10	0.47991188
27	 11	0.47991188
27	 12	0.47991188
27	 13	0.47991188
27	 14	0.47991188
27	 15	0.47991188
27	 16	0.47991188
27	 17	0.47991188
27	 18	0.47991188
27	 19	0.42092684
27	 20	0
27	 21	0
27	 22	0
27	 23	0
27	 24	0
27	 25	0
27	 26	0
27	 27	0
27	 28	0.47034
27	 29	0.47034
27	 30	0.47034
27	 31	0.47034
27	 32	0.47034
27	 33	0.47034
27	 34	0.47034
28	 1	0.4040778
28	 2	0.48368859
28	 3	0.48824604
28	 4	0.48824604
28	 5	0.48824604
28	 6	0.48824604
28	 7	0.48824604
28	 8	0.48824604
28	 9	0.48824604
28	 10	0.48824604
28	 11	0.48824604
28	 12	0.48824604
28	 13	0.48824604
28	 14	0.48824604
28	 15	0.48824604
28	 16	0.48824604
28	 17	0.48824604
28	 18	0.48824604
28	 19	0.44712108
28	 20	0.47034
28	 21	0.47034
28	 22	0.47034
28	 23	0.47034
28	 24	0.47034
28	 25	0.47034
28	 26	0.47034
28	 27	0.47034
28	 28	0
28	 29	0
28	 30	0
28	 31	0
28	 32	0
28	 33	0
28	 34	0
29	 1	0.4040778
29	 2	0.48368859
29	 3	0.48824604
29	 4	0.48824604
29	 5	0.48824604
29	 6	0.48824604
29	 7	0.48824604
29	 8	0.48824604
29	 9	0.48824604
29	 10	0.48824604
29	 11	0.48824604
29	 12	0.48824604
29	 13	0.48824604
29	 14	0.48824604
29	 15	0.48824604
29	 16	0.48824604
29	 17	0.48824604
29	 18	0.48824604
29	 19	0.44712108
29	 20	0.47034
29	 21	0.47034
29	 22	0.47034
29	 23	0.47034
29	 24	0.47034
29	 25	0.47034
29	 26	0.47034
29	 27	0.47034
29	 28	0
29	 29	0
29	 30	0
29	 31	0
29	 32	0
29	 33	0
29	 34	0
30	 1	0.4040778
30	 2	0.48368859
30	 3	0.48824604
30	 4	0.48824604
30	 5	0.48824604
30	 6	0.48824604
30	 7	0.48824604
30	 8	0.48824604
30	 9	0.48824604
30	 10	0.48824604
30	 11	0.48824604
30	 12	0.48824604
30	 13	0.48824604
30	 14	0.48824604
30	 15	0.48824604
30	 16	0.48824604
30	 17	0.48824604
30	 18	0.48824604
30	 19	0.44712108
30	 20	0.47034
30	 21	0.47034
30	 22	0.47034
30	 23	0.47034
30	 24	0.47034
30	 25	0.47034
30	 26	0.47034
30	 27	0.47034
30	 28	0
30	 29	0
30	 30	0
30	 31	0
30	 32	0
30	 33	0
30	 34	0
31	 1	0.4040778
31	 2	0.48368859
31	 3	0.48824604
31	 4	0.48824604
31	 5	0.48824604
31	 6	0.48824604
31	 7	0.48824604
31	 8	0.48824604
31	 9	0.48824604
31	 10	0.48824604
31	 11	0.48824604
31	 12	0.48824604
31	 13	0.48824604
31	 14	0.48824604
31	 15	0.48824604
31	 16	0.48824604
31	 17	0.48824604
31	 18	0.48824604
31	 19	0.44712108
31	 20	0.47034
31	 21	0.47034
31	 22	0.47034
31	 23	0.47034
31	 24	0.47034
31	 25	0.47034
31	 26	0.47034
31	 27	0.47034
31	 28	0
31	 29	0
31	 30	0
31	 31	0
31	 32	0
31	 33	0
31	 34	0
32	 1	0.4040778
32	 2	0.48368859
32	 3	0.48824604
32	 4	0.48824604
32	 5	0.48824604
32	 6	0.48824604
32	 7	0.48824604
32	 8	0.48824604
32	 9	0.48824604
32	 10	0.48824604
32	 11	0.48824604
32	 12	0.48824604
32	 13	0.48824604
32	 14	0.48824604
32	 15	0.48824604
32	 16	0.48824604
32	 17	0.48824604
32	 18	0.48824604
32	 19	0.44712108
32	 20	0.47034
32	 21	0.47034
32	 22	0.47034
32	 23	0.47034
32	 24	0.47034
32	 25	0.47034
32	 26	0.47034
32	 27	0.47034
32	 28	0
32	 29	0
32	 30	0
32	 31	0
32	 32	0
32	 33	0
32	 34	0
33	 1	0.4040778
33	 2	0.48368859
33	 3	0.48824604
33	 4	0.48824604
33	 5	0.48824604
33	 6	0.48824604
33	 7	0.48824604
33	 8	0.48824604
33	 9	0.48824604
33	 10	0.48824604
33	 11	0.48824604
33	 12	0.48824604
33	 13	0.48824604
33	 14	0.48824604
33	 15	0.48824604
33	 16	0.48824604
33	 17	0.48824604
33	 18	0.48824604
33	 19	0.44712108
33	 20	0.47034
33	 21	0.47034
33	 22	0.47034
33	 23	0.47034
33	 24	0.47034
33	 25	0.47034
33	 26	0.47034
33	 27	0.47034
33	 28	0
33	 29	0
33	 30	0
33	 31	0
33	 32	0
33	 33	0
33	 34	0
34	 1	0.4040778
34	 2	0.48368859
34	 3	0.48824604
34	 4	0.48824604
34	 5	0.48824604
34	 6	0.48824604
34	 7	0.48824604
34	 8	0.48824604
34	 9	0.48824604
34	 10	0.48824604
34	 11	0.48824604
34	 12	0.48824604
34	 13	0.48824604
34	 14	0.48824604
34	 15	0.48824604
34	 16	0.48824604
34	 17	0.48824604
34	 18	0.48824604
34	 19	0.44712108
34	 20	0.47034
34	 21	0.47034
34	 22	0.47034
34	 23	0.47034
34	 24	0.47034
34	 25	0.47034
34	 26	0.47034
34	 27	0.47034
34	 28	0
34	 29	0
34	 30	0
34	 31	0
34	 32	0
34	 33	0
34	 34	0
